AUCTORUM. 4909

040. 111 Coroni· 11 1100114111,1101 1140411100 141011,1111101010110111,0000
1110101110οι10 40011141010000011100.110. xv. 0. 001. Ex 0101 111110 01 111·
0101111 Plinius 010110 transcribit xm. 1. 01 1111 diximus 10 110111. 14 111101·
101111, 00101 4 011114 1101001110οι 00001141001101 Aurei. ιιι. 8. 101. 114. ·

munina Piimm inv 100101 lib· xxix. 1 111401 110011011011000101
00000010 4000011 An 1111111 0001100104, 00101 inm 101 &numum
citat 1100110011 801101. 401. 400. 11000 10114 0000111001.

Apollophanes Μ101001,οι 10001 10114410 1111οι, eujus 0001110141 141011
111100104Ιὶ11. 11. 0. 114. 011111. ιι. 0. 480.

101114,011110110101011001101011. 80110411 1110 00 0011011111101011111010
singularem 10410001000111,1000118101101οι10Εο1101001101011114101011010
01110001,01400,101011 0100111 0110 0010110 100114 ne 000 quidem 1000 Co·
1010011010. 110 11110101 111101011οι 1011011140 1110101011 Plinius 10 100101
111111 · . ,
110144,801101111 111110141011,04101 010010.οἰ10110101111.00110111Ρ110·
0000011101110100104. 10 Medicina 000000 0010 10 0011001011 11 compo·
titionem ’111οι1400100 attinent: 1101100010, 01 0111111,·,’10101111Δ1110111,
0101101114 11011110111111 1100004111, 01 0411111141 ’8100110001101,011101111111
flammas 4110001, 000 commemorat 400101 1011011110,004101’11141οι
001011, 0108. 1141010 1114οο10010. 0141100111 1400411011111111110110
11110010 0101110108.

1111111114 11101100010001100101110111,014111111 011 Plinius mvn 000.
11. 01100111 000 01 01010110 10101100 1100111111, 011 10 libro 01010014 0110
0011001 111, 00001 10101001,οι lapidibus, 1011010111 ab 00111 Ρ101. 00 Flamin.
0. 1100. 10 0001100 vammum!- 0111110101. 011101.. ..1100 041, m· ¹
0000100, 0000 1111114οη10 0001 0100100010 10011101, 1114111111 01 111101111-
1101, 411111101οι0 0000011100 101440, 4111 4011 001 1100111011 1110110140, 001
primi 1010 nummo 01011110010101.

1111114114, 00 000 Ρ110104“ 10 100111 1101110000οω 8111011141οι Nicandri
10 ’1111111040 18140041 iv 1111 0100111, 1100 011, 10 libro 00111000100110
0101111 1111010, 000 11 111110 10111104 000 10 mutantium coitum 0010101·
01011101 11110101. 8011011101 Epigrammata 40 1110111000οι 110101,οε 01111
101104110ιο 011011, 01 4001011111101100001 0110411οι 1114101. 1111411. 010.
01111000. 101410 011114 0100011001 000οι1 4101ιο ab 00 0101000011014001 00101
11400οΜ1101 101110 1111ιοοι001 1111111. ιι. 0. 400. 01110001 140011 10 ’1014011110
1100 111, 10 00 0001100010101100040004100011410100110100111010000101.

1111111114. 0011041140 Antiochum 1110001, 11410 Plinio 111101010000101
1 1111100 10110100, v. 11. 0. 708.

· , 1111101100 11001101. Hujus 1111010101114110001 00 1101001010104, 10111
11110004ιί01 11εο10100 4111010101 11411100 001101 10. 1081.

. archinneium. 1101110110ιί1 hie 111001 0010101100 1111100οη010οι 11111001
01141 1111110001 1111111. 0104. 11 clemen· 010081100111101. 111000 00
011111101101101111 01101001 10101 1111. 1. 0. 400. 'Ammoi 0 0004111 40011·
141111. Emis 1000110

1111100011, 8010004104, 111110111001, (110010101041001 0111000010 00·
1111110110011; 00 000 4111 11111 01οΙ10..

110101041011011001,10101 4011010111 1101 11011100 Varroni 11 0010011110

 

